8657
5112
520
4570
3384
9453
8794
4442
1122
5716
4864
6610
7917
240
8511
5410
5443
1050
6906
2641
4982
936
497
2078
5444
7171
8674
8262
6310
2325
6120
243
6854
6795
9455
4215
5207
9088
1945
4577
9409
5090
8718
912
3092
9205
3008
9297
5179
8485
372
7641
2574
2422
730
8656
4112
8933
6390
9624
2403
4925
7100
5050
9546
5430
2807
8569
4868
7564
4559
4363
9149
3553
1658
3873
5183
9394
7894
9385
7469
4895
4685
8288
3381
402
1257
3351
827
6872
9810
6269
8637
5544
9101
7817
9179
8339
1001
8892
3674
8598
456
8043
1981
3210
1230
3524
2227
4940
1907
6499
3239
988
7990
662
9094
1145
8077
8046
5997
3458
4551
5326
9924
4650
3689
1872
6069
7768
9614
2712
6718
1659
2623
2758
8300
8640
8423
8289
4048
9384
6138
3125
6113
3463
3426
8761
9827
6490
9413
6217
8696
3848
9383
7412
3755
6670
1831
4343
7275
495
864
4690
6604
3519
4989
1880
4786
649
9351
2212
951
664
9815
6994
632
8230
2231
1589
581
7117
5484
6182
5363
765
3742
1740
2816
3086
7213
6076
5271
7109
408
9202
8235
8595
4598
8784
8878
312
8899
9905
8777
1936
2792
8318
9786
1990
7143
5825
1777
6392
427
4637
2839
3152
1806
5474
1594
3308
935
9446
3430
5832
5960
7187
8144
43
2897
1610
1748
2412
9675
7448
8337
3815
7752
7371
6985
2323
5705
8604
7082
4461
7876
7833
1667
9090
4886
8810
6546
7098
6983
9025
5505
5383
2430
3347
2175
3628
1688
5035
8374
2343
4453
7841
3741
4165
3354
57
2760
9860
597
9934
5877
3200
2606
5561
9959
946
4997
9364
1037
8279
3040
5481
7484
676
9571
5690
1603
3341
1928
2145
8931
7196
1181
5923
4253
4960
9075
927
603
8453
123
970
4108
8341
4760
2047
5768
2894
3259
2608
9535
5042
2937
3642
4383
3479
6694
9260
16
3695
6458
5757
8906
1575
5370
6698
3913
8790
9108
454
8780
3576
1760
6105
8007
8154
3887
1592
4270
359
2556
6844
1681
5486
5947
207
6782
7153
3128
2902
6221
8903
6328
3398
8239
9370
206
2663
1800
2329
5504
3260
3132
2425
3888
9987
8506
1188
9057
9534
9163
7289
1411
1801
3287
2306
4216
3676
291
3383
8253
2319
7330
2874
4302
2877
2018
3258
7121
9611
9106
6747
9709
7531
5554
4562
2411
653
6468
722
7402
8491
890
2569
5576
8935
9049
4729
5920
9061
5455
238
3043
511
8624
7347
5749
8779
4930
9627
5044
5875
8789
4354
6011
1908
6829
1409
7273
5200
2587
8487
1967
6745
8169
313
1485
825
1899
6209
8556
9891
8560
258
506
8481
7965
3289
5612
5295
8124
7097
9630
7222
9871
5953
7258
178
3601
9752
6464
7204
2082
8181
7200
9578
9547
9229
9100
757
2419
7361
8255
6091
8089
6506
9590
1327
8478
673
8231
965
2298
1004
2287
3706
3440
7520
3020
9781
2389
5083
799
9926
